-3943153.244014
-3943153.244014
-3943153.244014
-3943153.244014
-3943153.244014
-3943153.244014
-3943153.244014
-3943153.244014
-3943153.244014
-3943153.244014
-3943153.244014
-3943153.244014
-3943153.244014
-3943153.244014
-3943153.244014
-3943153.244014
-3943153.244014
-3943153.244014
-3943153.244014
-3943153.244014
-3943153.244014
-3943153.244014
-3943153.244014
-3943153.244014
-3943153.244014
-3943153.244014
-3943153.244014
-3943153.244014
-3943153.244014
-3943153.244014
-3943153.244014
-3943153.244014
-3943153.244014
-3943153.244014
-3943153.244014
-3943153.244014
-3943153.244014
-3943153.244014
-3943153.244014
-3943153.244014
-3943153.244014
-3943153.244014
-3943153.244014
-3943153.244014
-3943153.244014
-3943153.244014
-3943153.244014
-3943153.244014
-3943153.244014
-3943153.244014
-3943153.244014
-3943153.244014
-3943153.244014
-3943153.244014
-3943153.244014
-3943153.244014
-3943153.244014
-3943153.244014
-3943153.244014
-3943153.244014
-3943153.244014
-3943153.244014
-3943153.244014
-3943153.244014
-3943153.244014
-3943153.244014
-3943153.244014
-3943153.244014
-3943153.244014
-3943153.244014
-3943153.244014
-3943153.244014
-3943153.244014
-3943153.244014
-3943153.244014
-3943153.244014
-3943153.244014
-3943153.244014
-3943153.244014
-3943153.244014
-3943153.244014
-3943153.244014
-3943153.244014
-3943153.244014
-3943153.244014
-3943153.244014
-3943153.244014
-3943153.244014
-3943153.244014
-3943153.244014
-3943153.244014
-3943153.244014
-3943153.244014
-3943153.244014
-3943153.244014
-3943153.244014
-3943153.244014
-3943153.244014
-3943153.244014
-3943153.244014
-3330366.933503
-3330366.933752
-3330366.933837
-3330366.933947
-3330366.935628
-3330366.937139
-3330366.939315
-3330366.941821
-3330366.944370
-3330366.952904
-3330366.952987
-3330366.986665
-3330367.050064
-3342475.638175
-3342475.638187
-3342475.638213
-3342475.638460
-3342475.638536
-3342475.638625
-3342475.638629
-3342475.638717
-3342475.638719
-3342475.642342
-3342475.693733
-3342475.828860
-3349946.391004
-3349954.454572
-3349954.530247
-3349954.530839
-3349954.532746
-3349954.553222
-3349954.573665
-3349954.587486
-3349954.588931
-3349954.591370
-3349954.594125
-3349954.603070
-3349954.603608
-3352205.021022
-3352205.021290
-3352205.021332
-3352205.021486
-3352205.021725
-3352205.021832
-3352205.021939
-3352205.022448
-3352205.022907
-3352205.023294
-3352205.023429
-3352205.023699
-3352205.024248
-3352205.024543
-3352205.025066
-3370191.230885
-3370191.231828
-3370191.232149
-3370191.232786
-3370191.232955
-3370191.233159
-3370191.233191
-3370191.233435
-3370191.233442
-3370191.235837
-3371042.115338
-3371042.149657
-3371042.154836
-3371042.168255
-3371042.212587
-3371042.215488
-3371042.217849
-3371042.221707
-3371042.232350
-3371042.240653
-3371042.243924
-3394577.879911
-3394577.896451
-3394577.899813
-3394577.955384
-3394577.957002
-3405658.735809
-3405658.735913
-3405658.735961
-3405658.737131
-3405658.737461
-3405658.737808
-3405658.737994
-3405658.737996
-3424182.873470
-3424182.873558
-3424182.873609
-3424182.873888
-3424182.873913
-3424638.139187
-3424638.139188
-3424638.139188
-3424638.139193
-3424638.139198
-3436740.907167
-3436741.010490
-3483816.432229
-2939818.551715
-2939818.552099
-2939818.552901
-2939818.552976
-2939818.558811
-2939818.563918
-2939818.590296
-2939818.596160
-2939818.639541
-2939818.656335
-2956426.979409
-2956426.979561
-2956426.979862
-2956426.979961
-2956426.988434
-2956426.999975
-2956427.040463
-2959511.443545
-2959511.445064
-2959511.447854
-2959511.448227
-2959511.855706
-2959511.906629
-2981580.781857
-2981580.782217
-2981580.783500
-2981580.783733
-2981580.789982
-2982077.622121
-2982077.643371
-2982077.693025
-2982077.700739
-2982077.740095
-2982077.741154
-2982077.789136
-2987089.335393
-2991545.838610
-2991545.838990
-2991545.839176
-2991545.839187
-2991545.839343
-3002178.776493
-3002178.817172
-3002178.819428
-3002178.830739
-3002178.834055
-3005587.647096
-3005587.684041
-3005587.728477
-3005587.740659
-3014123.961637
-3014123.968755
-3014123.980381
-3014123.985293
-3016692.159310
-3016692.169706
-3016692.201431
-3016692.204439
-3016692.213862
-3020313.917846
-3024032.571549
-3028142.070306
-3028142.071593
-3028142.072155
-3028142.371800
-3028581.468798
-3028581.471968
-3028581.479959
-3028766.458855
-3029888.908358
-3032128.211381
-3034144.155607
-3034144.173978
-3034144.189080
-3039419.829226
-3042679.094173
-3042679.114889
-3045313.661998
-3045313.715825
-3045313.718639
-3045313.793710
-3045346.773542
-3045378.238642
-3046951.567743
-3048078.039999
-3048078.042724
-3052866.363475
-3052866.467264
-3053411.698275
-3053411.702388
-3053411.706136
-3060895.626048
-3060895.629251
-3060895.644943
-3064411.805904
-3064411.806045
-3064411.806059
-3070162.158867
-3070162.176469
-3085144.325104
-2669870.349885
-2669870.378984
-2669870.379461
-2669870.386536
-2669870.389573
-2669870.394798
-2669870.395113
-2669870.444970
-2669870.454962
-2669870.469165
-2669870.471866
-2687959.682055
-2687959.689419
-2687959.713229
-2690630.524214
-2690689.995187
-2690697.234299
-2690775.132265
-2691391.166058
-2695858.458428
-2695858.469247
-2695858.469645
-2695858.471958
-2695858.478998
-2699319.324203
-2699319.324584
-2699319.324776
-2699319.324846
-2699319.325070
-2699319.327595
-2699319.328138
-2701407.293532
-2706337.580695
-2706337.580771
-2706337.580781
-2706337.581018
-2718662.900809
-2718662.901035
-2718662.915780
-2718662.939943
-2718662.949247
-2719970.162494
-2719970.162649
-2719970.163120
-2719970.163862
-2730744.892802
-2730744.914879
-2734413.653782
-2734413.657439
-2734730.739584
-2734730.746202
-2735088.468103
-2736882.097916
-2736882.118558
-2737631.740897
-2737899.941690
-2738269.733602
-2738269.740420
-2740291.106261
-2742165.944491
-2742165.949393
-2742360.716133
-2742659.411613
-2742659.419124
-2742659.433550
-2742659.503733
-2742659.505471
-2742659.531055
-2743646.464867
-2745515.729159
-2753714.324887
-2753714.326133
-2758841.234279
-2759990.359960
-2759990.383406
-2759990.477166
-2759990.477897
-2760888.366854
-2761759.822841
-2761759.827300
-2765764.883749
-2767228.399507
-2767228.420623
-2767228.434704
-2767228.467499
-2774465.476188
-2774713.734536
-2779679.369246
-2783043.587075
-2783043.637430
-2785292.885082
-2798844.873295
-2800412.644370
-2800412.674930
-2813698.627588
-2818370.666603
-2827760.238512
-2832517.255972
-2858692.606281
-2917748.855385
-2449591.782445
-2449591.784836
-2449591.787048
-2449591.788212
-2449591.789149
-2449591.790837
-2452524.882305
-2452524.886739
-2452524.905374
-2452524.912555
-2452524.944329
-2452524.956364
-2452524.989900
-2452524.992611
-2467827.352007
-2467827.376064
-2470757.747636
-2470757.747930
-2470757.748101
-2470757.748165
-2470757.748244
-2470757.748334
-2470757.748745
-2470757.749356
-2470757.749707
-2474799.056803
-2474799.067419
-2474799.069722
-2474799.075859
-2474799.082128
-2474799.084188
-2474799.085212
-2474799.086507
-2474799.086525
-2474799.088054
-2474799.089635
-2474799.091175
-2474799.097438
-2485561.305527
-2485561.330639
-2486109.461178
-2486109.478468
-2486109.481169
-2486109.488883
-2486109.492363
-2486109.498618
-2486109.502709
-2486109.524653
-2488240.530665
-2488433.452451
-2488433.543410
-2488433.775071
-2488433.868975
-2488433.952094
-2488672.515405
-2488992.079691
-2488992.079843
-2488992.079862
-2488992.080047
-2492576.532033
-2510190.898514
-2510190.899093
-2510190.910165
-2513399.369729
-2513399.381277
-2513399.383139
-2516438.569278
-2516438.582360
-2519537.172789
-2543992.283070
-2543992.499439
-2545908.968065
-2549308.657289
-2550792.626274
-2550792.628460
-2552912.465509
-2553951.338535
-2553951.363091
-2553951.399909
-2553951.466888
-2556366.595843
-2558893.664385
-2558893.708622
-2558893.737276
-2558893.742361
-2558893.784735
-2558893.796258
-2559635.482545
-2559655.166280
-2573437.257530
-2583252.647403
-2583252.701959
-2599006.376150
-2602712.506476
-2602712.548676
-2610841.320137
-2610841.329033
-2610972.098173
-2616228.008151
-2616998.178186
-2265836.626792
-2265836.628712
-2265836.637643
-2265836.639937
-2265836.641148
-2265836.641437
-2265836.641796
-2265836.644270
-2265836.648154
-2268763.956796
-2268763.956825
-2268763.956828
-2268763.956855
-2268763.956875
-2268763.956879
-2268763.956900
-2268763.956925
-2268763.956931
-2268763.956932
-2268763.957083
-2268763.957096
-2268763.957121
-2268763.957232
-2268763.957299
-2268763.957369
-2268763.957466
-2268763.957625
-2268763.958146
-2268763.958249
-2268763.959087
-2268763.960222
-2268763.964441
-2268763.989553
-2268763.990510
-2268763.990967
-2268763.993007
-2268763.993257
-2268764.025702
-2268764.026513
-2268764.026592
-2268764.033529
-2268764.053799
-2269027.544907
-2326646.783761
-2328563.454654
-2334989.393587
-2344764.462698
-2344943.537663
-2346770.392786
-2346770.418781
-2347965.497351
-2348983.839982
-2348983.840463
-2348983.891294
-2350164.398136
-2350810.379526
-2350987.435634
-2353291.793943
-2353291.815937
-2353876.791387
-2354204.434979
-2357916.792454
-2360295.170912
-2362143.337402
-2363068.135944
-2364023.771196
-2364148.599708
-2365546.152682
-2365546.168299
-2365546.176554
-2365546.180435
-2367108.226017
-2367494.328275
-2369242.078384
-2369242.091849
-2371300.099958
-2372407.645545
-2372407.692397
-2375920.301778
-2381514.236515
-2384727.903787
-2389847.162209
-2393496.357239
-2397990.886659
-2400087.875039
-2400440.059935
-2402369.518969
-2402369.567601
-2404972.916609
-2416281.570640
-2427778.122323
-2428324.084550
-2432532.325831
-2433053.147340
-2436071.820971
-2441408.098029
-2441408.101970
-2450188.136878
-2494167.936304
-2515659.223798
-2141697.924783
-2141697.925414
-2141697.928451
-2141697.938190
-2142949.641474
-2142949.641642
-2142949.642751
-2142949.642957
-2142949.643061
-2142949.643677
-2142949.644294
-2142949.647895
-2142949.648746
-2142949.648933
-2142949.651084
-2144797.767471
-2144797.767964
-2144797.803998
-2144797.820044
-2144797.824240
-2144797.855791
-2144797.869344
-2144971.739546
-2144971.744195
-2144971.787264
-2144971.798865
-2144971.853966
-2144971.854815
-2146798.635751
-2147093.827445
-2148200.625219
-2148200.626449
-2148200.626962
-2148200.627268
-2148200.631654
-2151313.809957
-2151313.844513
-2151313.865055
-2151313.884816
-2151896.562755
-2151896.573779
-2151896.682926
-2161039.632146
-2161088.420525
-2161088.489506
-2161088.490946
-2161088.496662
-2161088.497032
-2162084.298979
-2162160.476018
-2162160.476040
-2162160.476114
-2162160.476276
-2162160.477296
-2164171.192540
-2164171.195281
-2164171.197626
-2164171.215826
-2181073.577678
-2181073.606021
-2182742.341009
-2183733.971491
-2183733.972212
-2183733.973067
-2183763.722852
-2225926.714659
-2228102.861279
-2241471.581614
-2242003.611936
-2242003.617645
-2244103.936832
-2246249.543642
-2247311.186985
-2247311.187754
-2248143.979108
-2248143.993569
-2249058.081213
-2253098.090798
-2256071.722841
-2256071.723966
-2256071.728691
-2260300.407547
-2260300.418624
-2260583.669016
-2262194.262262
-2264423.162002
-2266302.097848
-2269300.605919
-2274985.049736
-2275651.801975
-2276167.015935
-2284295.925991
-2293732.278847
-2293738.766134
-2294289.987980
-2331564.240195
-2332699.622081
-2351739.364066
-2353812.106894
-2420470.177373
-2042140.235980
-2042140.237678
-2042140.237774
-2042140.237916
-2042140.238478
-2042140.240917
-2042140.241052
-2042140.241989
-2042140.243682
-2042140.246003
-2042140.246035
-2042140.246675
-2042140.249700
-2042140.254108
-2042140.258786
-2042140.261886
-2042140.380983
-2042140.382648
-2043240.771353
-2043249.932469
-2043249.933605
-2043249.936138
-2043249.938251
-2043249.945821
-2043249.946897
-2044303.547826
-2046491.519680
-2047077.653475
-2047077.654405
-2047077.663811
-2047077.664835
-2054099.679045
-2054099.679164
-2054099.727089
-2054099.728762
-2054099.738661
-2054099.739045
-2054099.741647
-2057078.954483
-2057078.964878
-2057286.100680
-2057642.357418
-2057642.362125
-2057642.380572
-2057682.531926
-2057682.538544
-2057951.552572
-2058306.267369
-2058306.268004
-2058306.268744
-2058306.268749
-2058306.269200
-2058306.269306
-2058306.269402
-2058306.277935
-2058366.757872
-2058824.663665
-2058824.667081
-2060221.615834
-2060221.615958
-2060221.616072
-2060221.616122
-2060221.619747
-2060395.582765
-2060395.586074
-2060395.625456
-2062986.469238
-2063548.357854
-2066737.720072
-2067320.444663
-2067320.830959
-2075017.315524
-2075017.315838
-2076512.269674
-2076512.269830
-2082191.373318
-2088485.086510
-2114429.171422
-2141306.498380
-2153163.667145
-2154690.829145
-2154690.841510
-2158730.861851
-2160612.520796
-2160612.547632
-2164481.930969
-2164643.942341
-2168521.921582
-2168521.930132
-2168521.940912
-2168587.742100
-2170094.701128
-2175045.300108
-2176007.521496
-2179212.577194
-2179847.038936
-2186869.089839
-2189582.122818
-2190620.906013
-2207658.968660
-1952752.326043
-1952752.328870
-1952752.330547
-1952752.331043
-1952752.331241
-1952752.331572
-1952752.331613
-1952752.332310
-1952752.334057
-1952752.337211
-1952752.337373
-1952752.338116
-1952752.339418
-1952752.340352
-1952752.342426
-1952752.344392
-1952752.345162
-1952752.351363
-1952752.359013
-1952752.359042
-1952752.376334
-1952752.431928
-1952752.483749
-1952752.506007
-1957564.231677
-1957564.231980
-1957564.232625
-1957564.232903
-1957564.233663
-1957564.235008
-1958596.511471
-1958664.616125
-1958664.616272
-1958664.617931
-1958664.627598
-1958664.675769
-1958673.814809
-1959727.397450
-1959727.398131
-1961915.356390
-1961915.401536
-1962501.502032
-1962501.502829
-1962501.503727
-1962501.504560
-1962501.510049
-1962501.510152
-1962501.513936
-1962567.315547
-1969523.527756
-1969523.529345
-1972364.595581
-1972364.600331
-1972364.601419
-1972364.610605
-1973066.177554
-1973366.651039
-1973366.658647
-1973375.023406
-1973375.063590
-1973375.063742
-1973375.067195
-1973375.073220
-1973502.037731
-1973509.687774
-1974171.730692
-1974171.790587
-1974456.938600
-1974457.080344
-1975128.146988
-1977364.290808
-1977651.628468
-1984308.106032
-1984308.118745
-1984308.127921
-1987378.907265
-1987808.420916
-1988531.285842
-1988621.821889
-1988942.726109
-1988942.730777
-1988988.701371
-1993225.521011
-1997615.349678
-2005849.269068
-2006763.694284
-2006763.694286
-2016141.347716
-2023817.449006
-2026398.076488
-2030215.863373
-2033570.632550
-2043151.891645
-2046635.805016
-2085518.732581
-2089620.622644
-2093660.687049
-2110004.454973
-2135860.626300
-2183083.626212
-1868176.353898
-1868176.353990
-1868176.354013
-1868176.354018
-1868176.354068
-1868176.354088
-1868176.354091
-1868176.354114
-1868176.354139
-1868176.354241
-1868176.354256
-1868176.354352
-1868176.354385
-1868176.354386
-1868176.354499
-1868176.354546
-1868176.354560
-1868176.354582
-1868176.354624
-1868176.354632
-1868176.354697
-1868176.354715
-1868176.354743
-1868176.354896
-1868176.355113
-1868176.355784
-1868176.356148
-1868176.359417
-1868176.359460
-1868176.362895
-1868176.371130
-1882868.030247
-1882868.030582
-1882868.032913
-1882868.033638
-1882868.036319
-1882868.037424
-1882868.037974
-1882868.038340
-1882868.039516
-1882868.040074
-1882868.040110
-1882868.042391
-1882868.043671
-1882868.044912
-1882868.045125
-1882868.045656
-1882868.047720
-1883002.349113
-1883002.454585
-1883002.461007
-1883002.832738
-1887788.587187
-1887788.589931
-1887854.381089
-1888332.367272
-1888790.460832
-1888790.478885
-1888790.488095
-1888798.870569
-1888798.882591
-1888798.900983
-1892788.137104
-1892788.139333
-1898560.154383
-1898560.156751
-1898560.157644
-1898560.168895
-1898560.169468
-1898560.170675
-1899731.924879
-1899731.925320
-1899731.930936
-1899731.939470
-1900287.642821
-1903191.419982
-1903191.420007
-1903191.420013
-1903955.134028
-1904289.825960
-1908001.533394
-1908603.511509
-1914489.030663
-1914489.035884
-1915352.316153
-1915788.049282
-1917846.480963
-1917846.492490
-1918174.078010
-1924015.737321
-1925053.705603
-1932706.957645
-1939567.296679
-1940326.972305
-1976934.141840
-2000088.760879
-2000088.767484
-2015578.054057
-2019963.054467
-2064224.395182
